103.78921370967743 4.573511904761903;
93.58252854563266 19.3363649484112;
85.74115689987381 30.450046507721378;
79.40391375195009 38.87508152405157;
73.45804632321719 45.32812977126195;
65.34103593269052 49.49408493902167;
58.07841769677771 36.545029964875404;
60.7879898232813 41.28496315583917;
63.06164063537074 42.65589919418846;
63.52031342575891 42.34045625426632;
63.49997952222677 42.333359026904255;
63.50000000007457 42.33333333331627;
63.5 42.333333333333336;
63.5 42.333333333333336;
63.5 42.333333333333336;
63.5 42.333333333333336;
63.5 42.333333333333336;
63.5 42.333333333333336;
63.5 42.333333333333336;
63.5 42.333333333333336;
63.5 42.333333333333336;
